test_name,sector,district,age,low_val_pct,normal_pct,high_val_pct
trig,arab,Jerusalem,80+,0.0,0.726,0.27399999999999997
hdl,haredi,North,09-13,0.195,0.805,0.0
albumin,arab,North,19-21,0.016,0.983,0.001
hba1c,arab,Haifa,22-30,0.001,0.858,0.14
vitaminD,general,Sharon - Shomron,80+,0.6579999999999999,0.311,0.032
hb,arab,Dan - Petach Tikva,01-03,0.214,0.785,0.001
trig,haredi,Dan - Petach Tikva,01-03,0.0,0.96,0.04
hb,general,Sharon - Shomron,14-18,0.29100000000000004,0.679,0.03
albumin,general,Central,19-21,0.026000000000000002,0.9690000000000001,0.005
b12,haredi,Jerusalem,09-13,0.04,0.9520000000000001,0.008
nonhdl,general,Haifa,22-30,0.0,0.862,0.138
vitaminD,arab,Sharon - Shomron,19-21,0.976,0.022000000000000002,0.003
hba1c,arab,Jerusalem,09-13,0.0,0.929,0.07
transf,haredi,Central,66-79,0.19,0.872,0.018000000000000002
folacid,arab,Jerusalem,31-50,0.265,0.735,0.0
nonhdl,general,Jerusalem,19-21,0.0,0.9309999999999999,0.069
chol,general,Eilat,51-65,0.0,0.52,0.48
hdl,arab,Jerusalem,14-18,0.29100000000000004,0.7090000000000001,0.0
albumin,haredi,North,22-30,0.07400000000000001,0.9229999999999999,0.003
ferritin,haredi,Central,01-03,0.298,0.7020000000000001,0.0
nonhdl,haredi,South,09-13,0.0,0.96,0.04
albumin,haredi,Dan - Petach Tikva,80+,0.14,0.86,0.0
nonhdl,arab,South,31-50,0.0,0.679,0.321
folacid,general,Tel Aviv,80+,0.265,0.735,0.0
trig,haredi,Jerusalem,19-21,0.0,0.912,0.08800000000000001
chol,general,Sharon - Shomron,14-18,0.0,0.941,0.059000000000000004
ldl,arab,Jerusalem,31-50,0.0,0.33799999999999997,0.662
trig,arab,South,22-30,0.0,0.818,0.182
nonhdl,arab,South,66-79,0.0,0.772,0.228
albumin,arab,South,66-79,0.13699999999999998,0.863,0.0
trig,general,Central,09-13,0.0,0.927,0.073
hba1c,arab,North,66-79,0.0,0.24,0.76
albumin,general,Jerusalem,66-79,0.028999999999999998,0.971,0.0
folacid,general,Tel Aviv,66-79,0.221,0.779,0.0
trig,general,Eilat,80+,0.0,0.763,0.237
albumin,haredi,Haifa,51-65,0.018000000000000002,0.981,0.001
hdl,arab,Sharon - Shomron,31-50,0.335,0.665,0.0
hdl,general,Dan - Petach Tikva,31-50,0.221,0.779,0.0
albumin,general,Central,01-03,0.038,0.9620000000000001,0.0
hdl,haredi,Dan - Petach Tikva,66-79,0.205,0.795,0.0
mgb,arab,South,31-50,0.027999999999999997,0.9670000000000001,0.005
transf,general,South,19-21,0.012,0.87,0.11699999999999999
hdl,haredi,Jerusalem,04-08,0.158,0.8420000000000001,0.0
mgb,arab,Haifa,66-79,0.066,0.9009999999999999,0.033
chol,general,Tel Aviv,01-03,0.0,0.965,0.035
hba1c,general,Central,09-13,0.0,0.863,0.13699999999999998
trig,arab,North,80+,0.0,0.731,0.26899999999999996
mgb,haredi,Dan - Petach Tikva,80+,0.077,0.899,0.024
b12,haredi,North,09-13,0.015,0.7659999999999999,0.21899999999999997
folacid,arab,Haifa,14-18,0.444,0.556,0.0
albumin,arab,North,01-03,0.057999999999999996,0.9420000000000001,0.0
b12,general,Dan - Petach Tikva,19-21,0.07,0.909,0.021
b12,arab,Jerusalem,51-65,0.133,0.851,0.016
folacid,haredi,South,09-13,0.321,0.679,0.0
vitaminD,general,Tel Aviv,31-50,0.804,0.18899999999999997,0.006999999999999999
hb,arab,Jerusalem,51-65,0.153,0.838,0.009000000000000001
hba1c,general,Dan - Petach Tikva,09-13,0.0,0.862,0.13699999999999998
trig,haredi,Jerusalem,14-18,0.0,0.924,0.076
b12,haredi,Haifa,19-21,0.038,0.9420000000000001,0.019
albumin,arab,North,22-30,0.03,0.9690000000000001,0.001
iron,general,Central,01-03,0.322,0.614,0.064
iron,arab,Haifa,31-50,0.2,0.774,0.027000000000000003
folacid,arab,South,31-50,0.41,0.59,0.0
albumin,general,Central,22-30,0.035,0.9640000000000001,0.001
hdl,general,Central,09-13,0.17,0.83,0.0
hb,haredi,Sharon - Shomron,19-21,0.257,0.736,0.006999999999999999
ldl,general,Jerusalem,80+,0.0,0.605,0.395
vitaminD,general,Central,80+,0.743,0.24,0.016
hdl,general,Haifa,01-03,0.16399999999999998,0.836,0.0
trig,haredi,South,04-08,0.0,0.961,0.039
hdl,arab,North,09-13,0.207,0.7929999999999999,0.0
ldl,general,North,04-08,0.0,0.708,0.292
transf,general,South,04-08,0.006,0.9590000000000001,0.035
znb,haredi,Jerusalem,31-50,0.174,0.813,0.013999999999999999
folacid,haredi,Haifa,80+,0.293,0.7070000000000001,0.0
hb,general,Dan - Petach Tikva,14-18,0.284,0.682,0.035
ldl,arab,South,22-30,0.0,0.5660000000000001,0.434
vitaminD,arab,Central,22-30,0.963,0.037000000000000005,0.0
chol,haredi,Haifa,31-50,0.0,0.755,0.245
mgb,general,Haifa,51-65,0.024,0.955,0.021
hb,haredi,Central,09-13,0.231,0.762,0.006999999999999999
iron,general,Jerusalem,14-18,0.215,0.7340000000000001,0.051
folacid,general,Haifa,31-50,0.245,0.755,0.0
transf,arab,Jerusalem,80+,0.27399999999999997,0.7070000000000001,0.018000000000000002
iron,haredi,Haifa,14-18,0.242,0.715,0.043
vitaminD,haredi,Jerusalem,14-18,0.915,0.085,0.0
b12,general,Sharon - Shomron,01-03,0.004,0.919,0.078
ferritin,general,Sharon - Shomron,31-50,0.11800000000000001,0.855,0.027000000000000003
hba1c,haredi,Haifa,51-65,0.0,0.38299999999999995,0.617
albumin,general,North,14-18,0.004,0.993,0.003
iron,haredi,Central,22-30,0.132,0.816,0.052000000000000005
vitaminD,general,Sharon - Shomron,04-08,0.6809999999999999,0.308,0.011000000000000001
iron,haredi,South,19-21,0.221,0.6990000000000001,0.081
chol,general,Central,31-50,0.0,0.701,0.299
ferritin,arab,Jerusalem,51-65,0.075,0.863,0.062
trig,general,Jerusalem,14-18,0.0,0.91,0.09
trig,haredi,Dan - Petach Tikva,31-50,0.0,0.733,0.267
nonhdl,general,Sharon - Shomron,14-18,0.0,0.95,0.05
iron,general,South,80+,0.312,0.6809999999999999,0.006999999999999999
ferritin,general,North,09-13,0.22899999999999998,0.77,0.002
mgb,haredi,Jerusalem,19-21,0.006999999999999999,0.971,0.022000000000000002
mgb,general,Jerusalem,22-30,0.005,0.992,0.003
mgb,arab,Sharon - Shomron,09-13,0.013000000000000001,0.713,0.27399999999999997
chol,arab,North,31-50,0.0,0.7,0.3
hb,general,South,66-79,0.237,0.758,0.005
hb,general,South,80+,0.434,0.562,0.004
iron,arab,Sharon - Shomron,14-18,0.257,0.7070000000000001,0.036000000000000004
ferritin,arab,Jerusalem,04-08,0.168,0.8290000000000001,0.003
trig,general,Central,66-79,0.0,0.713,0.287
vitaminD,general,South,51-65,0.8270000000000001,0.16699999999999998,0.006
ferritin,general,South,01-03,0.16899999999999998,0.825,0.006
znb,general,Jerusalem,31-50,0.14,0.841,0.019
albumin,arab,Sharon - Shomron,04-08,0.019,0.981,0.0
mgb,arab,South,01-03,0.011000000000000001,0.763,0.22699999999999998
albumin,general,Dan - Petach Tikva,04-08,0.01,0.9890000000000001,0.001
chol,haredi,Haifa,66-79,0.0,0.728,0.272
vitaminD,arab,Dan - Petach Tikva,22-30,0.981,0.019,0.0
mgb,general,Jerusalem,09-13,0.0,0.611,0.389
nonhdl,haredi,North,22-30,0.0,0.851,0.149
ferritin,general,Sharon - Shomron,66-79,0.078,0.863,0.059000000000000004
hb,haredi,Dan - Petach Tikva,09-13,0.271,0.7240000000000001,0.005
iron,general,Eilat,66-79,0.203,0.7659999999999999,0.031
hdl,general,Haifa,14-18,0.165,0.835,0.0
vitaminD,general,Tel Aviv,22-30,0.752,0.23399999999999999,0.013999999999999999
hba1c,arab,South,51-65,0.0,0.278,0.722
hb,haredi,Jerusalem,09-13,0.16399999999999998,0.82,0.015
albumin,general,Sharon - Shomron,14-18,0.006,0.991,0.003
transf,haredi,Jerusalem,01-03,0.003,0.953,0.043
b12,general,South,01-03,0.0,0.424,0.5760000000000001
nonhdl,haredi,Haifa,04-08,0.0,0.977,0.023
chol,general,Dan - Petach Tikva,31-50,0.0,0.7020000000000001,0.298
iron,general,Eilat,01-03,0.235,0.669,0.096
chol,general,North,22-30,0.0,0.846,0.154
iron,haredi,Dan - Petach Tikva,22-30,0.12300000000000001,0.8220000000000001,0.055
vitaminD,general,Jerusalem,19-21,0.872,0.128,0.0
transf,haredi,Central,31-50,0.013999999999999999,0.888,0.09699999999999999
b12,general,South,22-30,0.013000000000000001,0.87,0.11699999999999999
ferritin,arab,Central,04-08,0.354,0.6459999999999999,0.0
nonhdl,general,Central,04-08,0.0,0.96,0.04
nonhdl,arab,North,04-08,0.0,0.966,0.034
trig,general,Eilat,66-79,0.0,0.6990000000000001,0.301
nonhdl,general,South,14-18,0.0,0.948,0.052000000000000005
iron,arab,South,14-18,0.314,0.644,0.043
nonhdl,arab,South,80+,0.0,0.794,0.20600000000000002
transf,arab,Haifa,31-50,0.051,0.905,0.044000000000000004
hba1c,arab,North,80+,0.001,0.314,0.685
nonhdl,general,Jerusalem,80+,0.0,0.8170000000000001,0.183
hba1c,general,Sharon - Shomron,19-21,0.002,0.8370000000000001,0.161
hdl,haredi,Haifa,51-65,0.267,0.733,0.0
chol,arab,Sharon - Shomron,31-50,0.0,0.722,0.278
albumin,general,Central,04-08,0.012,0.988,0.0
iron,arab,Haifa,22-30,0.191,0.7709999999999999,0.038
iron,general,Central,14-18,0.19699999999999998,0.7559999999999999,0.047
ldl,general,Jerusalem,22-30,0.0,0.593,0.40700000000000003
albumin,arab,North,04-08,0.024,0.976,0.0
ldl,haredi,Central,09-13,0.0,0.8079999999999999,0.192
ldl,arab,North,22-30,0.0,0.569,0.431
hdl,haredi,North,14-18,0.247,0.753,0.0
mgb,arab,South,22-30,0.034,0.961,0.004
ldl,haredi,Haifa,22-30,0.0,0.6859999999999999,0.314
vitaminD,arab,Jerusalem,22-30,0.9690000000000001,0.028999999999999998,0.003
folacid,general,South,22-30,0.318,0.682,0.0
folacid,haredi,Sharon - Shomron,31-50,0.261,0.7390000000000001,0.0
vitaminD,haredi,Central,14-18,0.9129999999999999,0.07400000000000001,0.013000000000000001
nonhdl,arab,Central,01-03,0.0,0.971,0.028999999999999998
trig,arab,North,66-79,0.0,0.6679999999999999,0.332
trig,arab,South,14-18,0.0,0.9279999999999999,0.07200000000000001
ferritin,general,South,66-79,0.073,0.831,0.09699999999999999
ferritin,general,South,31-50,0.14300000000000002,0.816,0.040999999999999995
ferritin,haredi,South,04-08,0.184,0.819999999999999,0.005
iron,general,Tel Aviv,19-21,0.165,0.767,0.067
chol,general,Sharon - Shomron,22-30,0.0,0.828,0.172
mgb,arab,Haifa,19-21,0.009000000000000001,0.971,0.021
transf,haredi,Dan - Petach Tikva,31-50,0.027000000000000003,0.877,0.096
ldl,arab,Haifa,09-13,0.0,0.83,0.17
chol,general,Jerusalem,66-79,0.0,0.721,0.27899999999999997
mgb,haredi,Central,19-21,0.019,0.9420000000000001,0.038
chol,arab,South,66-79,0.0,0.763,0.237
nonhdl,general,Dan - Petach Tikva,04-08,0.0,0.96,0.04
chol,general,Jerusalem,31-50,0.0,0.711,0.289
albumin,general,Eilat,19-21,0.006999999999999999,0.956,0.037000000000000005
iron,general,North,80+,0.33799999999999997,0.653,0.009000000000000001
iron,general,Eilat,51-65,0.11800000000000001,0.823,0.059000000000000004
ferritin,general,Sharon - Shomron,09-13,0.233,0.7659999999999999,0.001
nonhdl,general,Eilat,19-21,0.0,0.883,0.11699999999999999
chol,arab,South,31-50,0.0,0.7040000000000001,0.29600000000000004
transf,arab,Haifa,66-79,0.171,0.81,0.018000000000000002
vitaminD,general,North,51-65,0.6609999999999999,0.317,0.022000000000000002
nonhdl,general,Tel Aviv,01-03,0.0,0.972,0.027999999999999997
hba1c,general,South,19-21,0.011000000000000001,0.879,0.11
hdl,haredi,Sharon - Shomron,14-18,0.203,0.797,0.0
ldl,general,Central,22-30,0.0,0.5820000000000001,0.418
vitaminD,arab,Haifa,14-18,0.9420000000000001,0.057999999999999996,0.001
nonhdl,arab,Sharon - Shomron,04-08,0.0,0.958,0.042
transf,haredi,Dan - Petach Tikva,66-79,0.10300000000000001,0.857,0.039
ferritin,general,Sharon - Shomron,01-03,0.27699999999999997,0.72,0.003
ldl,haredi,Dan - Petach Tikva,09-13,0.0,0.8,0.2
b12,general,Sharon - Shomron,22-30,0.098,0.884,0.018000000000000002
folacid,haredi,North,31-50,0.20600000000000002,0.794,0.0
mgb,general,Dan - Petach Tikva,09-13,0.008,0.727,0.266
ldl,arab,Sharon - Shomron,22-30,0.0,0.545,0.455
iron,general,South,09-13,0.254,0.669,0.077
iron,arab,Dan - Petach Tikva,04-08,0.271,0.688,0.040999999999999995
folacid,haredi,Central,22-30,0.276,0.7240000000000001,0.0
vitaminD,haredi,Dan - Petach Tikva,14-18,0.919,0.079,0.002
nonhdl,haredi,Haifa,80+,0.0,0.809,0.191
iron,general,Dan - Petach Tikva,14-18,0.162,0.779,0.059000000000000004
trig,arab,Haifa,31-50,0.0,0.6990000000000001,0.301
iron,arab,Dan - Petach Tikva,19-21,0.22,0.7390000000000001,0.040999999999999995
iron,general,Tel Aviv,66-79,0.145,0.838,0.017
iron,general,Tel Aviv,31-50,0.106,0.83,0.064
trig,haredi,South,51-65,0.0,0.643,0.35700000000000004
b12,arab,Central,66-79,0.133,0.846,0.021
folacid,arab,North,19-21,0.38299999999999995,0.617,0.0
ldl,general,Dan - Petach Tikva,04-08,0.0,0.682,0.318
hdl,haredi,South,22-30,0.19699999999999998,0.8029999999999999,0.0
hba1c,arab,Haifa,14-18,0.0,0.9,0.099
ferritin,haredi,Dan - Petach Tikva,80+,0.065,0.843,0.092
vitaminD,arab,South,04-08,0.887,0.10800000000000001,0.005
hdl,haredi,Central,66-79,0.207,0.7929999999999999,0.0
hdl,general,North,51-65,0.204,0.7959999999999999,0.0
transf,haredi,Haifa,22-30,0.016,0.799,0.185
vitaminD,general,North,66-79,0.5870000000000001,0.376,0.036000000000000004
b12,general,Tel Aviv,80+,0.053,0.8320000000000001,0.11599999999999999
trig,arab,Dan - Petach Tikva,66-79,0.0,0.616,0.384
hba1c,general,Dan - Petach Tikva,66-79,0.0,0.28300000000000003,0.7170000000000001
chol,general,Jerusalem,19-21,0.0,0.917,0.083
folacid,arab,Jerusalem,51-65,0.226,0.774,0.0
hba1c,general,South,04-08,0.002,0.9209999999999999,0.077
iron,arab,Sharon - Shomron,04-08,0.271,0.6629999999999999,0.066
hba1c,arab,South,31-50,0.0,0.546,0.45399999999999996
ldl,arab,South,04-08,0.0,0.764,0.23600000000000002
chol,haredi,Dan - Petach Tikva,14-18,0.0,0.9620000000000001,0.038
chol,arab,South,19-21,0.0,0.92,0.08
hdl,arab,South,19-21,0.27699999999999997,0.723,0.0
hb,arab,Dan - Petach Tikva,31-50,0.27699999999999997,0.7170000000000001,0.006
hdl,arab,Central,22-30,0.307,0.693,0.0
hb,general,Dan - Petach Tikva,04-08,0.061,0.938,0.001
hdl,arab,Sharon - Shomron,19-21,0.28600000000000003,0.7140000000000001,0.0
folacid,haredi,South,51-65,0.254,0.746,0.0
znb,general,Haifa,80+,0.14,0.826,0.035
iron,general,Tel Aviv,01-03,0.297,0.6409999999999999,0.062
znb,arab,North,09-13,0.068,0.919999999999999,0.021
ldl,arab,Haifa,01-03,0.0,0.823,0.177
hdl,general,Dan - Petach Tikva,19-21,0.18,0.82,0.0
chol,arab,Sharon - Shomron,80+,0.0,0.8320000000000001,0.168
trig,general,Central,04-08,0.0,0.9640000000000001,0.036000000000000004
folacid,haredi,Haifa,04-08,0.08199999999999999,0.9179999999999999,0.0
folacid,arab,Sharon - Shomron,04-08,0.16899999999999998,0.831,0.0
transf,general,Tel Aviv,51-65,0.046,0.9279999999999999,0.026000000000000002
folacid,arab,Dan - Petach Tikva,66-79,0.32299999999999995,0.677,0.0
b12,general,Central,04-08,0.004,0.946,0.05
iron,arab,Jerusalem,01-03,0.41700000000000004,0.53,0.053
hba1c,general,Jerusalem,31-50,0.002,0.78,0.218
mgb,general,Dan - Petach Tikva,14-18,0.013999999999999999,0.848,0.138
trig,general,Sharon - Shomron,14-18,0.0,0.9209999999999999,0.079
znb,general,Dan - Petach Tikva,22-30,0.079,0.8909999999999999,0.031
ldl,haredi,Central,01-03,0.0,0.696,0.304
chol,general,Dan - Petach Tikva,80+,0.0,0.757,0.243
chol,general,Haifa,09-13,0.0,0.951,0.049
trig,arab,Dan - Petach Tikva,51-65,0.0,0.574,0.426
ldl,haredi,Sharon - Shomron,31-50,0.0,0.46299999999999997,0.537
b12,general,Eilat,19-21,0.0,0.8290000000000001,0.171
hba1c,general,Sharon - Shomron,04-08,0.0,0.8759999999999999,0.124
ldl,arab,Sharon - Shomron,04-08,0.0,0.7070000000000001,0.293
vitaminD,arab,Dan - Petach Tikva,31-50,0.966,0.034,0.0
folacid,arab,Central,51-65,0.298,0.7020000000000001,0.0
transf,arab,Jerusalem,14-18,0.004,0.878,0.11800000000000001
ldl,general,Central,04-08,0.0,0.705,0.295
ferritin,haredi,Jerusalem,80+,0.044000000000000004,0.87,0.085
folacid,general,Jerusalem,04-08,0.043,0.9570000000000001,0.0
chol,general,Dan - Petach Tikva,19-21,0.0,0.909,0.091
iron,haredi,Sharon - Shomron,31-50,0.153,0.809,0.038
iron,haredi,Haifa,80+,0.32,0.667,0.013999999999999999
folacid,general,North,14-18,0.297,0.703,0.0
hdl,general,Sharon - Shomron,51-65,0.20800000000000002,0.792,0.0
trig,general,Haifa,51-65,0.0,0.6659999999999999,0.33399999999999996
hb,haredi,South,31-50,0.263,0.7340000000000001,0.004
znb,general,North,31-50,0.08900000000000001,0.902,0.009000000000000001
hdl,general,Eilat,31-50,0.21600000000000003,0.784,0.0
transf,haredi,Haifa,09-13,0.009000000000000001,0.93,0.06
chol,haredi,Haifa,19-21,0.0,0.955,0.045
hba1c,arab,Sharon - Shomron,31-50,0.0,0.505,0.495
ldl,general,North,22-30,0.0,0.611,0.389
chol,haredi,Sharon - Shomron,09-13,0.0,0.983,0.017
chol,arab,Sharon - Shomron,19-21,0.0,0.917,0.083
hdl,arab,Dan - Petach Tikva,22-30,0.29600000000000004,0.7040000000000001,0.0
hb,arab,Central,31-50,0.253,0.742,0.005
mgb,arab,Jerusalem,04-08,0.005,0.45299999999999996,0.542
vitaminD,general,Dan - Petach Tikva,04-08,0.7240000000000001,0.268,0.008
hb,general,Central,04-08,0.066,0.9329999999999999,0.001
trig,arab,Jerusalem,66-79,0.0,0.63,0.37
transf,haredi,North,51-65,0.085,0.887,0.027999999999999997
trig,arab,South,04-08,0.0,0.943,0.057
vitaminD,general,Sharon - Shomron,66-79,0.6609999999999999,0.314,0.025
chol,haredi,Central,14-18,0.0,0.972,0.027999999999999997
b12,haredi,North,51-65,0.009000000000000001,0.8220000000000001,0.16899999999999998
trig,general,Jerusalem,04-08,0.0,0.9470000000000001,0.053
folacid,general,Central,19-21,0.39299999999999996,0.607,0.0
folacid,arab,Jerusalem,66-79,0.23199999999999998,0.768,0.0
hdl,general,Haifa,22-30,0.171,0.8290000000000001,0.0
nonhdl,general,Central,66-79,0.0,0.7659999999999999,0.23399999999999999
mgb,general,Jerusalem,14-18,0.012,0.785,0.203
hba1c,general,Dan - Petach Tikva,31-50,0.001,0.71,0.289
vitaminD,arab,Sharon - Shomron,04-08,0.924,0.076,0.0
chol,general,Tel Aviv,09-13,0.0,0.945,0.055
iron,general,Central,04-08,0.23,0.6829999999999999,0.087
ldl,arab,Dan - Petach Tikva,31-50,0.0,0.41,0.59
ferritin,general,North,22-30,0.142,0.845,0.013000000000000001
folacid,general,Dan - Petach Tikva,04-08,0.10099999999999999,0.899,0.0
hb,arab,South,04-08,0.175,0.8220000000000001,0.003
iron,arab,Dan - Petach Tikva,01-03,0.423,0.555,0.022000000000000002
hba1c,arab,Sharon - Shomron,66-79,0.0,0.172,0.828
folacid,arab,Jerusalem,80+,0.309,0.691,0.0
transf,arab,Haifa,19-21,0.027000000000000003,0.9229999999999999,0.05
iron,arab,Central,66-79,0.22,0.775,0.005
ferritin,general,Eilat,51-65,0.069,0.8809999999999999,0.051
ferritin,general,South,80+,0.05,0.8340000000000001,0.11599999999999999
folacid,arab,Sharon - Shomron,19-21,0.541,0.45899999999999996,0.0
ldl,arab,Sharon - Shomron,14-18,0.0,0.733,0.267
transf,general,Central,09-13,0.005,0.9179999999999999,0.077
hdl,arab,Haifa,80+,0.282,0.718,0.0
b12,general,Haifa,80+,0.055,0.845,0.1
znb,general,Central,04-08,0.039,0.93,0.031
hb,arab,Haifa,22-30,0.228,0.768,0.004
chol,haredi,South,51-65,0.0,0.615,0.385
folacid,haredi,Central,14-18,0.369,0.631,0.0
hba1c,haredi,Central,04-08,0.0,0.898,0.102
mgb,arab,Haifa,80+,0.099,0.8809999999999999,0.02
hb,arab,Dan - Petach Tikva,19-21,0.235,0.762,0.002
b12,general,Haifa,66-79,0.057,0.888,0.055
hdl,arab,Haifa,66-79,0.284,0.716,0.0
iron,arab,Central,31-50,0.26899999999999996,0.721,0.01
chol,general,Jerusalem,80+,0.0,0.778,0.222
chol,arab,South,80+,0.0,0.784,0.21600000000000003
hdl,arab,North,19-21,0.23,0.77,0.0
albumin,haredi,Haifa,01-03,0.042,0.958,0.0
vitaminD,haredi,North,31-50,0.8340000000000001,0.15,0.016
ferritin,general,Haifa,19-21,0.121,0.8740000000000001,0.005
mgb,general,Jerusalem,31-50,0.006999999999999999,0.991,0.002
hdl,general,Central,19-21,0.205,0.795,0.0
hb,haredi,Jerusalem,22-30,0.18100000000000002,0.816,0.004
nonhdl,haredi,Haifa,66-79,0.0,0.779,0.221
hb,general,Dan - Petach Tikva,51-65,0.127,0.868,0.004
b12,arab,South,04-08,0.0,0.65,0.35
hb,general,Eilat,01-03,0.151,0.847,0.001
chol,haredi,Haifa,04-08,0.0,0.92,0.08
ldl,arab,Dan - Petach Tikva,19-21,0.0,0.722,0.278
mgb,haredi,Jerusalem,66-79,0.023,0.963,0.013999999999999999
transf,arab,North,09-13,0.009000000000000001,0.89,0.10099999999999999
albumin,haredi,Jerusalem,80+,0.188,0.812,0.0
hdl,haredi,Jerusalem,80+,0.21899999999999997,0.7809999999999999,0.0
chol,general,South,14-18,0.0,0.9420000000000001,0.057999999999999996
transf,haredi,Central,19-21,0.011000000000000001,0.934,0.055
hb,arab,North,51-65,0.183,0.812,0.004
b12,general,Dan - Petach Tikva,04-08,0.005,0.9570000000000001,0.038
b12,general,South,14-18,0.006,0.851,0.14300000000000002
trig,arab,Sharon - Shomron,22-30,0.0,0.843,0.157
mgb,haredi,Jerusalem,80+,0.028999999999999998,0.9440000000000001,0.027000000000000003
hdl,arab,South,31-50,0.3,0.7,0.0
ferritin,general,Central,14-18,0.23399999999999999,0.764,0.002
hdl,haredi,Jerusalem,66-79,0.22,0.78,0.0
hdl,general,Jerusalem,31-50,0.23600000000000002,0.764,0.0
hb,arab,Jerusalem,19-21,0.151,0.8340000000000001,0.015
chol,general,Tel Aviv,51-65,0.0,0.598,0.402
trig,haredi,North,51-65,0.0,0.68,0.32
iron,haredi,Central,80+,0.344,0.653,0.003
ldl,general,Tel Aviv,04-08,0.0,0.698,0.302
hba1c,general,North,31-50,0.001,0.7709999999999999,0.228
ldl,general,Haifa,01-03,0.0,0.799,0.201
b12,arab,Sharon - Shomron,66-79,0.128,0.777,0.095
vitaminD,haredi,Central,09-13,0.912,0.08199999999999999,0.006
vitaminD,arab,Jerusalem,04-08,0.941,0.057999999999999996,0.001
trig,haredi,Jerusalem,51-65,0.0,0.6659999999999999,0.33399999999999996
hb,haredi,Central,66-79,0.278,0.721,0.002
hb,haredi,Dan - Petach Tikva,31-50,0.235,0.762,0.003
ldl,general,South,09-13,0.0,0.754,0.24600000000000002
transf,general,South,09-13,0.004,0.91,0.086
mgb,arab,North,04-08,0.008,0.504,0.48700000000000004
vitaminD,haredi,Central,51-65,0.851,0.139,0.01
hb,arab,Dan - Petach Tikva,04-08,0.122,0.875,0.002
transf,haredi,Central,09-13,0.002,0.9259999999999999,0.071
folacid,general,Jerusalem,14-18,0.285,0.715,0.0
b12,general,Central,66-79,0.062,0.8759999999999999,0.061
folacid,general,North,04-08,0.062,0.938,0.0
hb,arab,Central,22-30,0.299,0.698,0.003
vitaminD,general,Central,66-79,0.731,0.256,0.013000000000000001
transf,haredi,Jerusalem,14-18,0.013000000000000001,0.897,0.09
hdl,general,South,19-21,0.16899999999999998,0.831,0.0
ldl,haredi,South,04-08,0.0,0.7609999999999999,0.239
folacid,haredi,South,19-21,0.324,0.6759999999999999,0.0
albumin,general,Haifa,01-03,0.008,0.9890000000000001,0.003
trig,haredi,Jerusalem,09-13,0.0,0.91,0.09
hba1c,haredi,Dan - Petach Tikva,19-21,0.003,0.9059999999999999,0.091
znb,arab,Jerusalem,22-30,0.129,0.8540000000000001,0.017
mgb,arab,Jerusalem,14-18,0.001,0.754,0.245
iron,general,North,22-30,0.155,0.78,0.064
hba1c,arab,South,04-08,0.0,0.8759999999999999,0.124
chol,general,North,80+,0.0,0.6709999999999999,0.32899999999999996
znb,general,Central,66-79,0.07400000000000001,0.9129999999999999,0.013000000000000001
iron,haredi,Dan - Petach Tikva,80+,0.24600000000000002,0.745,0.009000000000000001
transf,arab,Jerusalem,04-08,0.005,0.95,0.045
trig,general,Central,14-18,0.0,0.927,0.073
hb,general,Sharon - Shomron,09-13,0.20800000000000002,0.7829999999999999,0.008
transf,haredi,Central,51-65,0.067,0.899,0.034
trig,haredi,Dan - Petach Tikva,09-13,0.0,0.934,0.066
folacid,arab,South,14-18,0.484,0.516,0.0
hb,arab,Dan - Petach Tikva,22-30,0.275,0.7190000000000001,0.006
mgb,arab,Sharon - Shomron,31-50,0.025,0.9620000000000001,0.013999999999999999
hba1c,general,Eilat,09-13,0.0,0.903,0.09699999999999999
chol,arab,North,19-21,0.0,0.9259999999999999,0.07400000000000001
chol,general,Haifa,01-03,0.0,0.97,0.03
albumin,arab,Sharon - Shomron,01-03,0.054000000000000006,0.946,0.0
hdl,haredi,North,22-30,0.237,0.763,0.0
albumin,general,Dan - Petach Tikva,01-03,0.027999999999999997,0.972,0.0
ldl,general,Dan - Petach Tikva,14-18,0.0,0.76,0.24
chol,general,Central,19-21,0.0,0.91,0.09
folacid,arab,South,19-21,0.496,0.504,0.0
folacid,general,Haifa,09-13,0.26,0.74,0.0
transf,general,Dan - Petach Tikva,09-13,0.005,0.9179999999999999,0.077
b12,arab,Dan - Petach Tikva,51-65,0.102,0.863,0.035
ldl,arab,North,80+,0.0,0.5660000000000001,0.434
vitaminD,general,Haifa,31-50,0.809,0.183,0.008
trig,arab,South,09-13,0.0,0.91,0.09
ldl,arab,South,14-18,0.0,0.78,0.22
chol,arab,Jerusalem,51-65,0.0,0.66,0.34
hba1c,haredi,Dan - Petach Tikva,04-08,0.0,0.9279999999999999,0.07200000000000001
znb,general,Dan - Petach Tikva,04-08,0.062,0.9009999999999999,0.037000000000000005
folacid,haredi,Dan - Petach Tikva,14-18,0.409,0.591,0.0
hb,haredi,Haifa,14-18,0.332,0.648,0.02
trig,arab,Dan - Petach Tikva,09-13,0.0,0.894,0.106
hb,general,Jerusalem,31-50,0.13699999999999998,0.856,0.008
iron,haredi,Haifa,66-79,0.23199999999999998,0.7609999999999999,0.006999999999999999
chol,arab,Central,31-50,0.0,0.72,0.28
folacid,arab,Sharon - Shomron,01-03,0.19,0.8909999999999999,0.0
folacid,haredi,Jerusalem,66-79,0.23399999999999999,0.7659999999999999,0.0
albumin,general,Sharon - Shomron,01-03,0.039,0.961,0.0
znb,arab,North,51-65,0.083,0.899,0.018000000000000002
nonhdl,haredi,Central,51-65,0.0,0.657,0.34299999999999997
hb,arab,Dan - Petach Tikva,14-18,0.358,0.619,0.024
vitaminD,general,Jerusalem,51-65,0.8190000000000001,0.17,0.011000000000000001
transf,haredi,South,66-79,0.05,0.917,0.033
ferritin,general,Jerusalem,22-30,0.106,0.882,0.011000000000000001
nonhdl,arab,Haifa,51-65,0.0,0.669,0.331
znb,arab,Haifa,14-18,0.006999999999999999,0.9570000000000001,0.036000000000000004
hba1c,haredi,Central,14-18,0.0,0.927,0.073
mgb,general,Sharon - Shomron,31-50,0.021,0.968,0.012
hb,general,North,22-30,0.16899999999999998,0.828,0.003
ferritin,arab,Sharon - Shomron,04-08,0.259,0.7390000000000001,0.002
albumin,haredi,Central,51-65,0.019,0.981,0.0
trig,general,Haifa,19-21,0.0,0.899,0.10099999999999999
hba1c,haredi,Sharon - Shomron,31-50,0.0,0.726,0.27399999999999997
znb,general,Tel Aviv,04-08,0.031,0.946,0.023
hb,general,Tel Aviv,09-13,0.213,0.778,0.009000000000000001
folacid,general,Jerusalem,01-03,0.028999999999999998,0.971,0.0
znb,general,Dan - Petach Tikva,51-65,0.049,0.9259999999999999,0.025
albumin,arab,Dan - Petach Tikva,31-50,0.02,0.978,0.002
transf,arab,Central,66-79,0.19,0.861,0.028999999999999998
vitaminD,arab,North,51-65,0.833,0.153,0.013999999999999999
hdl,arab,Jerusalem,09-13,0.237,0.763,0.0
ferritin,arab,Sharon - Shomron,22-30,0.23,0.753,0.017
mgb,arab,Jerusalem,01-03,0.015,0.7759999999999999,0.209
albumin,arab,Dan - Petach Tikva,22-30,0.037000000000000005,0.96,0.003
b12,general,South,09-13,0.001,0.763,0.23600000000000002
hba1c,arab,South,19-21,0.003,0.872,0.125
nonhdl,general,South,09-13,0.0,0.9540000000000001,0.046
nonhdl,arab,Jerusalem,22-30,0.0,0.8240000000000001,0.17600000000000002
trig,arab,Central,09-13,0.0,0.892,0.10800000000000001
mgb,general,North,31-50,0.012,0.978,0.011000000000000001
hb,haredi,North,09-13,0.247,0.738,0.015
vitaminD,haredi,Central,04-08,0.8079999999999999,0.184,0.008
b12,arab,Dan - Petach Tikva,09-13,0.052000000000000005,0.9440000000000001,0.004
ferritin,haredi,Central,22-30,0.17300000000000001,0.821,0.006
chol,haredi,Haifa,22-30,0.0,0.878,0.122
mgb,arab,Sharon - Shomron,19-21,0.037000000000000005,0.9309999999999999,0.032
hdl,arab,North,14-18,0.24600000000000002,0.754,0.0
hba1c,general,South,51-65,0.001,0.46299999999999997,0.536
albumin,general,Eilat,09-13,0.004,0.988,0.008
folacid,haredi,Jerusalem,31-50,0.24,0.76,0.0
transf,haredi,Haifa,01-03,0.019,0.972,0.009000000000000001
trig,arab,Sharon - Shomron,80+,0.0,0.746,0.254
hb,haredi,Haifa,01-03,0.204,0.7959999999999999,0.0
ferritin,haredi,Haifa,14-18,0.158,0.8420000000000001,0.0
chol,haredi,Jerusalem,14-18,0.0,0.958,0.042
hb,haredi,South,51-65,0.154,0.84,0.006
b12,arab,North,01-03,0.0,0.40399999999999997,0.596
mgb,general,Tel Aviv,80+,0.046,0.94,0.013999999999999999
nonhdl,general,Eilat,80+,0.0,0.775,0.225
folacid,haredi,Jerusalem,09-13,0.19699999999999998,0.8029999999999999,0.0
chol,haredi,Central,66-79,0.0,0.7759999999999999,0.22399999999999998
vitaminD,arab,Haifa,31-50,0.948,0.05,0.002
b12,arab,Jerusalem,04-08,0.027999999999999997,0.963,0.009000000000000001
mgb,arab,Haifa,14-18,0.01,0.853,0.13699999999999998
b12,haredi,Dan - Petach Tikva,66-79,0.064,0.873,0.062
hdl,general,Sharon - Shomron,31-50,0.222,0.778,0.0
iron,haredi,Haifa,09-13,0.215,0.69,0.095
ferritin,haredi,Haifa,80+,0.027999999999999997,0.875,0.09699999999999999
albumin,general,Sharon - Shomron,66-79,0.035,0.965,0.0
ferritin,haredi,Jerusalem,19-21,0.124,0.8740000000000001,0.001
trig,general,South,22-30,0.0,0.838,0.162
folacid,general,Eilat,04-08,0.134,0.866,0.0
ldl,haredi,North,09-13,0.0,0.792,0.20800000000000002
hb,haredi,Sharon - Shomron,01-03,0.188,0.812,0.0
hdl,general,Tel Aviv,04-08,0.11900000000000001,0.8809999999999999,0.0
vitaminD,general,Central,01-03,0.6609999999999999,0.336,0.004
folacid,general,South,19-21,0.37200000000000005,0.628,0.0
ferritin,arab,Sharon - Shomron,80+,0.102,0.759,0.139
ldl,arab,Central,22-30,0.0,0.589,0.41100000000000003
ldl,arab,South,31-50,0.0,0.379,0.621
nonhdl,general,South,66-79,0.0,0.765,0.235
ldl,general,Haifa,66-79,0.0,0.56,0.44
b12,arab,Central,31-50,0.07,0.917,0.013000000000000001
albumin,arab,Dan - Petach Tikva,04-08,0.016,0.9840000000000001,0.0
mgb,haredi,Central,22-30,0.006999999999999999,0.99,0.003
iron,general,Jerusalem,09-13,0.223,0.6779999999999999,0.099
vitaminD,general,Central,09-13,0.8290000000000001,0.16399999999999998,0.006999999999999999
ferritin,arab,Sharon - Shomron,31-50,0.268,0.6970000000000001,0.035
mgb,general,Haifa,04-08,0.001,0.667,0.332
chol,arab,Haifa,22-30,0.0,0.866,0.134
ldl,arab,Dan - Petach Tikva,14-18,0.0,0.7879999999999999,0.212
iron,general,Central,80+,0.267,0.725,0.008
ferritin,arab,Haifa,19-21,0.128,0.862,0.01
hb,arab,South,66-79,0.29,0.7040000000000001,0.006
nonhdl,general,Central,01-03,0.0,0.97,0.03
vitaminD,arab,South,01-03,0.87,0.13,0.0
albumin,haredi,South,04-08,0.013999999999999999,0.983,0.003
albumin,haredi,Dan - Petach Tikva,14-18,0.004,0.986,0.01
trig,general,Eilat,14-18,0.0,0.902,0.098
iron,haredi,Jerusalem,80+,0.314,0.677,0.009000000000000001
mgb,general,North,19-21,0.016,0.96,0.024
trig,arab,Jerusalem,22-30,0.0,0.823,0.177
nonhdl,arab,Dan - Petach Tikva,09-13,0.0,0.961,0.039
hb,haredi,North,22-30,0.244,0.753,0.004
hb,general,Tel Aviv,22-30,0.135,0.863,0.002
vitaminD,haredi,Jerusalem,09-13,0.917,0.077,0.006
albumin,arab,Jerusalem,66-79,0.066,0.934,0.0
chol,arab,South,14-18,0.0,0.9570000000000001,0.043
hb,general,Jerusalem,19-21,0.141,0.85,0.009000000000000001
hb,haredi,Central,14-18,0.297,0.679,0.024
transf,haredi,South,22-30,0.021,0.8170000000000001,0.161
chol,general,Jerusalem,14-18,0.0,0.938,0.062
chol,general,Haifa,19-21,0.0,0.92,0.08
folacid,haredi,Jerusalem,04-08,0.046,0.9540000000000001,0.0
trig,general,North,09-13,0.0,0.934,0.066
ldl,general,Jerusalem,19-21,0.0,0.722,0.278
znb,general,Central,14-18,0.05,0.917,0.034
znb,general,Eilat,31-50,0.133,0.855,0.012
trig,haredi,Central,51-65,0.0,0.688,0.312
chol,haredi,Dan - Petach Tikva,01-03,0.0,0.976,0.024
mgb,general,Tel Aviv,66-79,0.04,0.9520000000000001,0.006999999999999999
folacid,arab,Sharon - Shomron,66-79,0.308,0.6920000000000001,0.0
nonhdl,general,South,31-50,0.0,0.677,0.32299999999999995
ldl,arab,Jerusalem,51-65,0.0,0.42700000000000005,0.573
b12,general,Central,14-18,0.054000000000000006,0.935,0.011000000000000001
hba1c,general,Haifa,66-79,0.0,0.284,0.715
chol,general,South,04-08,0.0,0.938,0.062
folacid,arab,Haifa,80+,0.319,0.6809999999999999,0.0
hdl,arab,Jerusalem,31-50,0.327,0.6729999999999999,0.0
transf,general,North,51-65,0.049,0.9179999999999999,0.033
hb,arab,Sharon - Shomron,19-21,0.207,0.789,0.004
ldl,arab,Dan - Petach Tikva,01-03,0.0,0.768,0.23199999999999998
ldl,general,Haifa,80+,0.0,0.583,0.41700000000000004
iron,arab,South,31-50,0.331,0.643,0.026000000000000002
albumin,general,Haifa,80+,0.107,0.893,0.0
folacid,arab,Jerusalem,19-21,0.305,0.695,0.0
albumin,arab,Central,09-13,0.003,0.997,0.0
folacid,general,Central,09-13,0.297,0.703,0.0
albumin,arab,South,09-13,0.034,0.965,0.001
albumin,arab,Haifa,31-50,0.006,0.991,0.003
trig,haredi,Haifa,51-65,0.0,0.6920000000000001,0.308
trig,general,Dan - Petach Tikva,01-03,0.0,0.9640000000000001,0.036000000000000004
chol,general,Jerusalem,09-13,0.0,0.95,0.05
ferritin,arab,Dan - Petach Tikva,22-30,0.239,0.741,0.02
b12,haredi,North,04-08,0.0,0.583,0.41700000000000004
znb,general,Haifa,14-18,0.016,0.953,0.031
nonhdl,haredi,North,51-65,0.0,0.5920000000000001,0.408
iron,general,Sharon - Shomron,31-50,0.13,0.823,0.048
znb,general,Dan - Petach Tikva,66-79,0.063,0.922,0.015
ferritin,general,South,04-08,0.11900000000000001,0.877,0.004
ferritin,arab,Jerusalem,09-13,0.16399999999999998,0.835,0.001
znb,general,Haifa,09-13,0.02,0.97,0.01
albumin,arab,Sharon - Shomron,22-30,0.067,0.9309999999999999,0.002
hb,general,Eilat,22-30,0.127,0.86,0.013000000000000001
hba1c,haredi,Central,66-79,0.0,0.284,0.716
iron,general,Eilat,22-30,0.133,0.78,0.086
vitaminD,general,North,31-50,0.6859999999999999,0.294,0.02
albumin,arab,North,80+,0.226,0.774,0.0
transf,general,Dan - Petach Tikva,66-79,0.107,0.865,0.027999999999999997
albumin,general,Central,80+,0.17800000000000002,0.8220000000000001,0.0
hba1c,haredi,Central,80+,0.0,0.38,0.62
nonhdl,general,Haifa,51-65,0.0,0.634,0.366
hba1c,haredi,North,51-65,0.0,0.431,0.569
hba1c,general,Dan - Petach Tikva,22-30,0.0,0.892,0.10800000000000001
hba1c,general,Jerusalem,14-18,0.001,0.932,0.067
hba1c,general,Jerusalem,01-03,0.0,0.905,0.095
vitaminD,arab,Dan - Petach Tikva,51-65,0.9390000000000001,0.054000000000000006,0.006999999999999999
vitaminD,general,Haifa,04-08,0.6759999999999999,0.313,0.011000000000000001
albumin,general,Dan - Petach Tikva,22-30,0.03,0.965,0.004
hba1c,haredi,Dan - Petach Tikva,31-50,0.0,0.684,0.316
nonhdl,arab,South,09-13,0.0,0.955,0.045
hb,general,South,31-50,0.165,0.8290000000000001,0.005
znb,arab,Dan - Petach Tikva,14-18,0.12,0.852,0.027999999999999997
trig,haredi,Dan - Petach Tikva,66-79,0.0,0.723,0.27699999999999997
hdl,general,Dan - Petach Tikva,09-13,0.14800000000000002,0.852,0.0
albumin,general,Jerusalem,09-13,0.005,0.993,0.002
hdl,arab,Sharon - Shomron,09-13,0.255,0.745,0.0
albumin,haredi,Dan - Petach Tikva,04-08,0.013999999999999999,0.986,0.0
ldl,arab,Sharon - Shomron,66-79,0.0,0.63,0.37
folacid,general,Tel Aviv,01-03,0.055999999999999994,0.9440000000000001,0.0
mgb,arab,Haifa,01-03,0.018000000000000002,0.8959999999999999,0.086
ferritin,arab,Sharon - Shomron,51-65,0.115,0.821,0.065
albumin,arab,South,14-18,0.048,0.95,0.002
nonhdl,haredi,Dan - Petach Tikva,22-30,0.0,0.873,0.127
albumin,general,Jerusalem,14-18,0.003,0.991,0.006
trig,arab,North,22-30,0.0,0.856,0.14400000000000002
folacid,arab,Dan - Petach Tikva,09-13,0.301,0.6990000000000001,0.0
trig,general,Central,22-30,0.0,0.855,0.145
vitaminD,general,Haifa,01-03,0.602,0.384,0.013999999999999999
nonhdl,haredi,Dan - Petach Tikva,04-08,0.0,0.97,0.03
albumin,arab,Haifa,22-30,0.01,0.9790000000000001,0.011000000000000001
trig,arab,South,80+,0.0,0.72,0.28
hba1c,general,Tel Aviv,22-30,0.001,0.925,0.07400000000000001
vitaminD,general,Sharon - Shomron,19-21,0.787,0.19399999999999998,0.019
mgb,general,Eilat,66-79,0.057,0.914,0.028999999999999998
hdl,general,North,01-03,0.21600000000000003,0.784,0.0
mgb,general,North,51-65,0.023,0.9670000000000001,0.01
transf,general,Dan - Petach Tikva,80+,0.255,0.7290000000000001,0.016
ldl,haredi,Dan - Petach Tikva,22-30,0.0,0.63,0.37
hb,arab,North,01-03,0.18100000000000002,0.818,0.001
ferritin,arab,Central,19-21,0.363,0.631,0.006
trig,haredi,North,31-50,0.0,0.753,0.247
transf,general,Jerusalem,01-03,0.009000000000000001,0.963,0.027000000000000003
ferritin,general,Eilat,09-13,0.204,0.792,0.005
transf,general,North,19-21,0.011000000000000001,0.885,0.10300000000000001
b12,general,Haifa,01-03,0.003,0.8909999999999999,0.106
albumin,haredi,Haifa,31-50,0.017,0.9790000000000001,0.004
hdl,arab,Sharon - Shomron,14-18,0.297,0.703,0.0
ferritin,haredi,Dan - Petach Tikva,22-30,0.14300000000000002,0.8490000000000001,0.006999999999999999
chol,general,Haifa,51-65,0.0,0.593,0.40700000000000003
nonhdl,arab,Jerusalem,19-21,0.0,0.91,0.09
hdl,haredi,Dan - Petach Tikva,09-13,0.201,0.799,0.0
hb,general,Central,80+,0.465,0.531,0.003
albumin,arab,Dan - Petach Tikva,19-21,0.03,0.9620000000000001,0.009000000000000001
mgb,general,South,80+,0.067,0.919999999999999,0.022000000000000002
hdl,general,Dan - Petach Tikva,14-18,0.20800000000000002,0.792,0.0
hb,general,Jerusalem,01-03,0.19,0.8909999999999999,0.001
iron,haredi,Sharon - Shomron,09-13,0.213,0.677,0.11
b12,haredi,Dan - Petach Tikva,31-50,0.079,0.907,0.013999999999999999
b12,haredi,South,09-13,0.0,0.813,0.187
transf,arab,North,80+,0.321,0.6579999999999999,0.021
albumin,haredi,Central,22-30,0.063,0.935,0.002
b12,general,North,04-08,0.0,0.501,0.499
ferritin,general,North,66-79,0.085,0.862,0.053
transf,haredi,Dan - Petach Tikva,51-65,0.053,0.917,0.03
chol,general,Sharon - Shomron,80+,0.0,0.752,0.248
trig,haredi,Central,09-13,0.0,0.9520000000000001,0.048
vitaminD,arab,North,66-79,0.77,0.2,0.03
hb,general,North,09-13,0.235,0.757,0.006999999999999999
hba1c,arab,Sharon - Shomron,04-08,0.001,0.861,0.138
vitaminD,general,Jerusalem,31-50,0.857,0.13699999999999998,0.006999999999999999
hba1c,arab,Dan - Petach Tikva,66-79,0.0,0.131,0.8690000000000001
mgb,haredi,South,14-18,0.051,0.78,0.16899999999999998
iron,haredi,Jerusalem,66-79,0.209,0.774,0.017
chol,arab,Haifa,04-08,0.0,0.9640000000000001,0.036000000000000004
trig,arab,Haifa,09-13,0.0,0.922,0.078
hba1c,arab,Haifa,19-21,0.0,0.893,0.107
ldl,haredi,Jerusalem,14-18,0.0,0.812,0.188
ferritin,general,Haifa,80+,0.036000000000000004,0.872,0.09300000000000001
b12,general,Jerusalem,66-79,0.079,0.873,0.049
trig,general,Dan - Petach Tikva,14-18,0.0,0.924,0.076
znb,general,Sharon - Shomron,09-13,0.032,0.9059999999999999,0.062
hb,arab,Jerusalem,22-30,0.183,0.802,0.013999999999999999
hdl,haredi,North,66-79,0.226,0.774,0.0
hb,haredi,Jerusalem,66-79,0.196,0.7959999999999999,0.008
hb,haredi,South,04-08,0.11900000000000001,0.8809999999999999,0.0
chol,haredi,Dan - Petach Tikva,04-08,0.0,0.958,0.042
folacid,general,Central,14-18,0.418,0.5820000000000001,0.0
transf,arab,Haifa,51-65,0.096,0.884,0.02
ferritin,general,North,01-03,0.3,0.6970000000000001,0.003
hba1c,general,South,31-50,0.001,0.737,0.262
znb,general,Dan - Petach Tikva,31-50,0.069,0.91,0.02
hdl,haredi,North,31-50,0.22899999999999998,0.7709999999999999,0.0
folacid,general,South,04-08,0.12,0.88,0.0
b12,haredi,Jerusalem,80+,0.071,0.843,0.087
ldl,arab,Jerusalem,04-08,0.0,0.718,0.282
vitaminD,general,Dan - Petach Tikva,66-79,0.715,0.273,0.013000000000000001
vitaminD,arab,Sharon - Shomron,31-50,0.951,0.044000000000000004,0.005
ldl,haredi,Dan - Petach Tikva,31-50,0.0,0.439,0.561
chol,arab,Dan - Petach Tikva,19-21,0.0,0.9329999999999999,0.067
hba1c,general,Jerusalem,04-08,0.0,0.9179999999999999,0.08199999999999999
hdl,arab,North,22-30,0.245,0.755,0.0
vitaminD,haredi,Jerusalem,51-65,0.835,0.153,0.012
vitaminD,haredi,Haifa,31-50,0.862,0.138,0.0
b12,haredi,Central,51-65,0.064,0.9,0.037000000000000005
iron,arab,North,22-30,0.24600000000000002,0.7170000000000001,0.036000000000000004
hdl,arab,Dan - Petach Tikva,51-65,0.36700000000000005,0.633,0.0
iron,general,South,66-79,0.23600000000000002,0.753,0.011000000000000001
hba1c,arab,North,22-30,0.003,0.898,0.099
mgb,general,Central,51-65,0.027999999999999997,0.966,0.005
ldl,haredi,Sharon - Shomron,14-18,0.0,0.77,0.23
albumin,haredi,Central,31-50,0.05,0.95,0.001
nonhdl,haredi,Dan - Petach Tikva,80+,0.0,0.784,0.21600000000000003
hba1c,arab,Sharon - Shomron,14-18,0.0,0.887,0.113
folacid,general,Tel Aviv,22-30,0.298,0.7020000000000001,0.0
nonhdl,general,Haifa,04-08,0.0,0.9670000000000001,0.033
ferritin,haredi,North,09-13,0.322,0.6779999999999999,0.0
ferritin,general,Central,66-79,0.08800000000000001,0.857,0.055
chol,general,Jerusalem,01-03,0.0,0.9620000000000001,0.038
iron,arab,Sharon - Shomron,09-13,0.3,0.643,0.057
albumin,haredi,Central,66-79,0.057,0.943,0.0
ldl,haredi,North,22-30,0.0,0.631,0.369
b12,general,South,80+,0.006999999999999999,0.688,0.306
mgb,haredi,Jerusalem,09-13,0.0,0.711,0.289
albumin,general,Haifa,51-65,0.009000000000000001,0.9890000000000001,0.002
chol,arab,South,01-03,0.0,0.97,0.03
mgb,arab,Haifa,22-30,0.009000000000000001,0.9790000000000001,0.012
trig,arab,Sharon - Shomron,19-21,0.0,0.9079999999999999,0.092
iron,general,Jerusalem,22-30,0.133,0.787,0.08
nonhdl,general,Tel Aviv,51-65,0.0,0.623,0.377
ldl,haredi,Jerusalem,04-08,0.0,0.6940000000000001,0.306
hb,arab,North,09-13,0.297,0.695,0.008
folacid,haredi,Central,19-21,0.287,0.713,0.0
hb,haredi,Haifa,22-30,0.253,0.746,0.001
chol,arab,Haifa,80+,0.0,0.8220000000000001,0.17800000000000002
ferritin,general,Central,80+,0.07,0.848,0.08199999999999999
ldl,general,North,51-65,0.0,0.32799999999999996,0.672
hdl,haredi,Central,31-50,0.251,0.7490000000000001,0.0
b12,general,Central,09-13,0.027000000000000003,0.956,0.017
hdl,general,Eilat,66-79,0.184,0.816,0.0
mgb,arab,Haifa,09-13,0.011000000000000001,0.759,0.23
hb,general,Sharon - Shomron,31-50,0.157,0.84,0.003
